30 226 3

0 216 188 208 156 166 226 177 223 182 159 240 114 235 181 143 240 103 192 120 183 214 196 117 106 165 182 246 178 168 
236 0 107 158 105 154 119 106 247 207 211 145 228 185 215 200 106 229 145 238 141 158 156 118 184 136 138 142 173 215 
135 151 0 228 102 205 134 166 237 178 138 194 113 193 134 250 217 155 171 217 174 129 169 156 168 222 108 118 117 127 
134 218 223 0 164 167 214 222 105 206 133 194 199 249 247 207 162 181 198 110 227 217 237 157 103 215 138 120 184 156 
218 136 109 104 0 241 136 141 141 131 120 100 121 249 228 192 247 147 191 140 103 185 167 136 161 214 213 138 148 184 
149 130 246 125 198 0 117 170 108 170 168 125 153 239 237 143 218 250 171 190 247 127 188 166 110 227 102 114 116 173 
211 245 169 106 227 124 0 210 136 216 214 166 241 100 173 123 183 144 106 147 184 155 127 134 110 229 245 202 205 249 
184 129 165 106 214 106 133 0 197 163 138 184 184 199 138 201 162 209 102 122 202 187 249 159 131 120 133 182 230 123 
208 178 159 199 129 221 243 174 0 193 169 189 185 195 245 112 245 231 226 235 203 197 197 238 221 142 195 206 133 138 
188 159 246 154 237 215 165 218 135 0 147 218 203 245 166 161 185 149 143 177 182 199 218 191 232 241 119 103 104 217 
140 204 133 100 246 111 105 124 247 198 0 177 185 182 185 145 197 197 239 217 248 217 121 226 140 191 165 199 167 165 
249 238 160 224 215 131 150 205 142 222 132 0 143 141 165 111 117 192 249 212 145 140 244 154 152 225 113 119 124 177 
112 160 101 219 182 203 136 152 221 242 126 147 0 217 242 191 134 208 129 198 198 187 143 180 118 204 192 221 188 222 
121 234 196 158 138 226 189 118 248 163 189 237 156 0 143 128 145 217 207 199 159 114 110 163 127 203 118 144 202 132 
122 226 250 130 105 208 103 135 141 182 202 247 147 239 0 156 131 101 214 100 193 179 108 166 127 200 127 225 144 178 
228 108 179 149 136 207 179 155 132 235 247 233 247 155 109 0 178 142 133 190 219 207 209 139 226 119 226 218 212 178 
211 245 203 227 133 231 192 130 240 232 151 187 247 149 115 210 0 150 158 243 166 141 156 159 182 171 105 128 114 168 
120 115 183 165 204 146 139 114 215 235 231 186 174 202 184 145 151 0 136 171 129 107 139 243 148 149 180 128 213 102 
118 159 195 223 213 166 160 202 242 119 245 234 156 240 100 241 106 182 0 149 236 173 242 209 111 215 124 195 169 223 
137 114 207 157 100 197 246 137 211 116 139 199 216 231 133 226 176 226 241 0 103 220 119 108 111 187 236 111 177 225 
232 132 130 172 132 183 180 179 167 247 196 130 196 143 201 244 192 216 146 110 0 197 150 171 148 206 128 130 192 199 
124 208 231 148 136 183 202 116 155 113 216 151 144 190 211 174 117 141 136 234 157 0 175 239 124 141 200 135 167 234 
183 145 132 106 248 130 134 139 104 114 112 225 139 192 234 144 170 168 125 181 182 209 0 140 158 142 112 198 163 135 
198 160 215 197 126 167 206 247 249 247 106 108 194 195 156 126 223 108 110 235 175 144 159 0 215 146 103 189 141 220 
210 208 128 166 181 174 133 198 207 142 180 153 234 217 178 123 199 207 192 104 143 208 216 227 0 242 237 121 140 196 
157 131 208 157 166 124 116 176 215 172 194 210 102 242 155 143 207 221 213 221 213 208 186 169 120 0 208 208 179 225 
210 157 143 183 123 230 206 100 189 130 248 128 231 137 151 213 189 157 106 218 172 197 140 150 191 111 0 202 208 210 
145 170 239 106 133 140 161 235 114 186 239 127 196 119 144 225 126 212 109 172 152 127 187 125 159 235 164 0 202 232 
163 138 195 188 223 224 101 126 122 134 204 210 219 111 236 196 246 206 172 109 250 157 149 226 229 183 230 122 0 240 
230 100 130 214 118 217 149 186 197 223 156 199 215 112 248 160 246 201 125 141 249 153 218 242 237 206 194 160 174 0 

12 19 920 
12 11 900 
12 9 468 
29 1 428 
29 2 856 
29 1 669 
28 1 414 
28 20 424 
6 1 244 
28 11 630 
28 1 552 
6 29 816 
28 4 836 
28 6 752 
28 13 916 
27 17 784 
27 9 462 
27 20 304 
27 2 478 
27 28 328 
27 21 288 
27 4 560 
26 24 382 
26 21 788 
26 17 840 
25 9 516 
25 24 360 
25 14 465 
25 3 471 
25 23 507 
25 16 828 
25 7 704 
25 7 352 
25 19 442 
25 16 414 
25 4 498 
25 29 675 
24 20 429 
24 3 664 
24 3 369 
24 21 832 
24 1 624 
24 3 208 
24 13 792 
23 17 216 
23 16 292 
23 1 424 
23 24 330 
23 20 700 
23 9 916 
23 24 645 
22 26 336 
22 4 466 
22 17 672 
22 2 396 
22 13 576 
22 11 450 
22 19 362 
22 18 417 
22 3 424 
22 4 366 
21 27 544 
21 9 912 
21 29 936 
21 27 408 
21 9 478 
21 2 462 
21 20 628 
21 27 864 
26 17 592 
10 9 438 
20 2 390 
10 29 334 
10 6 513 
23 17 618 
23 28 286 
24 2 464 
24 11 358 
20 11 788 
20 16 964 
19 21 660 
19 29 675 
19 4 300 
19 20 216 
19 29 900 
19 4 476 
19 2 417 
19 27 444 
19 1 266 
18 17 364 
18 10 735 
18 23 836 
18 24 333 
18 9 476 
18 4 615 
18 29 669 
18 17 416 
18 16 200 
18 1 636 
18 10 490 
17 1 522 
17 29 408 
17 1 384 
13 11 447 
16 4 266 
16 1 980 
16 4 532 
13 1 576 
16 29 504 
13 29 312 
6 2 342 
6 17 928 
16 1 735 
16 11 374 
15 16 356 
15 9 705 
15 5 912 
14 28 576 
14 23 664 
14 17 303 
14 26 254 
14 7 540 
14 9 728 
14 29 534 
13 9 326 
13 16 290 
13 21 432 
13 9 384 
13 21 756 
13 4 552 
12 17 832 
12 14 916 
12 2 404 
11 29 708 
3 20 226 
11 17 384 
27 29 896 
27 2 429 
11 29 354 
11 1 438 
9 11 222 
21 11 608 
10 9 594 
10 17 394 
10 13 728 
10 20 560 
10 9 495 
10 11 531 
9 1 477 
9 27 436 
9 13 645 
9 3 406 
9 27 708 
9 3 238 
9 21 796 
9 17 596 
8 14 884 
8 5 884 
8 23 952 
8 4 516 
8 5 663 
8 1 356 
8 24 663 
8 17 568 
8 11 378 
7 27 364 
7 24 393 
7 4 428 
7 16 204 
7 21 748 
6 13 402 
6 4 681 
6 16 732 
6 21 272 
6 13 404 
5 27 456 
5 20 306 
5 4 594 
5 16 872 
5 19 570 
5 1 390 
5 10 286 
5 17 1000 
5 28 348 
5 20 564 
5 21 510 
26 6 276 
26 19 360 
26 23 272 
26 20 852 
4 11 420 
4 20 708 
4 11 912 
3 28 552 
3 16 645 
3 11 668 
3 9 412 
3 9 666 
3 4 399 
3 13 717 
3 16 486 
14 23 336 
14 23 270 
7 9 356 
7 5 536 
7 20 306 
7 5 236 
26 2 500 
2 4 928 
2 20 651 
2 4 342 
12 22 633 
12 23 290 
12 7 316 
15 20 564 
15 6 238 
15 5 555 
15 2 408 
15 14 318 
15 11 468 
1 4 440 
1 2 984 
1 4 315 
0 17 286 
0 29 531 
0 17 672 
