30 180 3

0 134 208 148 161 218 138 230 186 215 170 221 205 169 173 231 150 217 161 186 174 215 198 249 106 199 207 109 215 209 
244 0 112 110 131 218 249 102 240 176 249 202 102 136 172 224 242 161 211 116 137 174 124 136 228 213 233 235 173 188 
139 142 0 151 233 150 123 154 232 149 239 223 225 229 186 167 170 122 104 246 166 220 150 120 166 187 129 156 245 224 
246 181 121 0 169 116 215 152 191 213 149 188 250 195 128 216 100 170 220 167 113 174 246 231 101 231 102 124 153 243 
250 147 228 106 0 155 226 119 211 226 226 205 158 192 198 130 204 160 235 178 126 216 203 193 128 124 108 101 137 238 
152 134 177 178 173 0 113 231 227 223 191 179 226 182 161 186 204 134 163 177 204 102 249 110 138 146 174 154 122 226 
216 244 201 196 160 137 0 109 159 103 135 118 161 221 227 103 237 166 144 196 156 230 120 110 153 138 239 234 170 100 
131 237 185 246 189 182 107 0 118 152 103 119 122 177 172 159 190 217 221 120 249 157 182 217 110 192 162 226 218 107 
139 189 229 231 177 101 189 158 0 215 238 180 138 156 191 221 176 172 243 211 154 120 156 119 190 122 201 142 139 239 
232 102 159 169 148 116 193 166 228 0 170 190 101 168 244 141 119 197 124 100 179 105 162 213 130 166 250 153 149 245 
134 206 130 197 165 240 199 241 138 176 0 164 184 168 199 118 240 180 115 131 239 242 168 188 218 237 113 226 178 138 
245 141 117 173 206 202 147 248 145 205 130 0 158 234 156 223 128 162 231 201 113 173 164 219 157 128 162 164 219 129 
149 182 244 196 250 228 239 180 112 159 147 173 0 147 228 153 175 249 223 212 216 141 180 212 122 179 142 105 158 221 
149 107 249 216 200 206 160 200 116 210 166 121 180 0 202 244 235 128 130 191 211 112 176 183 182 240 211 145 222 248 
201 221 220 131 145 247 228 114 215 119 116 203 225 163 0 232 241 114 243 188 185 173 210 244 139 113 163 222 117 100 
174 191 100 215 113 210 241 194 180 114 185 239 157 169 133 0 239 223 128 198 213 202 176 226 206 119 171 173 176 204 
115 216 141 240 174 191 250 116 206 212 211 145 243 212 173 188 0 109 191 247 101 155 179 132 246 133 236 141 122 195 
223 203 138 196 121 120 178 177 161 194 113 136 169 136 104 239 247 0 152 238 146 154 125 115 160 221 201 200 158 181 
243 225 116 188 198 124 196 231 105 216 234 240 158 229 222 211 107 212 0 115 201 180 112 162 128 127 139 181 108 122 
248 227 248 180 138 143 234 189 180 141 132 130 205 159 139 105 190 123 105 0 177 232 153 136 214 228 129 148 162 239 
164 229 165 184 152 139 159 242 245 193 185 134 221 103 146 224 114 175 228 122 0 106 177 237 197 176 166 165 111 153 
245 194 134 189 213 116 191 180 117 222 245 160 136 194 174 106 171 189 119 175 249 0 175 227 164 166 232 241 101 199 
236 211 227 205 110 145 154 101 144 231 234 193 134 198 139 218 213 108 151 152 187 215 0 249 195 167 153 102 168 131 
174 204 143 239 145 236 116 200 216 180 182 154 224 216 134 107 187 166 174 114 148 228 142 0 234 218 207 213 175 118 
225 166 236 244 132 128 111 180 104 180 116 144 126 150 146 183 115 191 192 131 132 171 148 104 0 247 148 217 129 170 
182 173 181 168 200 227 150 116 148 199 136 163 165 127 196 218 246 167 176 183 242 232 124 157 105 0 167 115 187 170 
238 159 103 192 221 144 210 197 236 136 185 236 250 105 224 209 168 189 239 106 133 156 232 205 126 120 0 218 113 167 
232 140 163 165 116 166 189 215 113 124 118 133 173 144 206 191 106 214 123 220 191 101 198 218 145 170 249 0 113 173 
122 176 116 161 136 230 178 232 134 103 101 164 152 243 166 180 165 168 175 184 249 186 200 132 249 234 155 206 0 142 
196 134 206 217 146 235 105 154 154 120 199 220 128 214 237 192 209 139 236 100 146 231 220 142 202 208 228 249 235 0 

29 5 940 
29 5 470 
17 7 462 
29 12 512 
29 8 308 
17 18 912 
3 2 540 
3 9 360 
4 29 303 
4 2 498 
4 7 912 
28 12 657 
28 9 660 
28 12 348 
16 3 248 
16 2 573 
16 14 576 
27 28 764 
27 21 339 
27 28 354 
26 21 672 
26 13 315 
26 9 470 
26 19 318 
26 29 309 
26 29 448 
26 21 360 
26 1 464 
26 7 788 
25 13 381 
25 18 352 
25 7 348 
25 28 561 
25 20 420 
25 10 544 
25 12 660 
25 26 334 
24 20 528 
24 7 540 
24 22 296 
24 17 382 
23 5 944 
23 21 912 
23 17 748 
23 27 426 
23 18 696 
23 20 444 
23 17 332 
22 5 290 
22 9 678 
22 11 556 
22 9 452 
22 13 654 
16 7 202 
16 3 452 
21 28 404 
21 9 272 
21 28 348 
20 27 495 
20 21 318 
18 19 788 
18 12 412 
20 13 460 
17 26 531 
19 8 540 
19 21 928 
19 28 324 
22 8 378 
19 5 429 
19 6 468 
22 12 744 
18 10 418 
18 1 564 
18 13 458 
18 21 720 
18 1 675 
17 9 776 
17 21 208 
17 28 316 
17 26 402 
17 13 446 
17 9 582 
16 9 848 
16 27 564 
16 1 648 
16 17 436 
15 2 300 
15 19 396 
15 11 956 
14 10 464 
14 21 692 
14 17 456 
14 5 936 
14 8 860 
14 5 468 
14 26 652 
14 18 603 
13 11 242 
13 7 528 
13 9 420 
15 18 360 
12 5 596 
12 8 298 
12 5 424 
22 1 314 
22 8 446 
11 27 656 
11 21 519 
11 29 387 
18 21 256 
18 27 384 
11 21 692 
11 19 804 
10 12 230 
10 8 236 
10 29 268 
10 5 956 
4 13 300 
4 7 504 
15 5 510 
9 12 980 
9 8 260 
9 12 202 
15 22 478 
15 11 916 
15 11 380 
15 27 278 
23 28 462 
8 21 240 
23 26 633 
8 5 948 
8 6 476 
7 13 531 
7 9 546 
7 5 856 
7 12 244 
7 21 314 
7 9 492 
7 20 928 
6 28 510 
6 27 444 
24 13 908 
25 19 472 
6 9 206 
14 27 804 
24 10 852 
24 19 440 
24 25 356 
24 26 699 
5 6 519 
5 29 438 
5 8 876 
4 7 357 
4 20 504 
4 14 792 
4 1 441 
3 27 248 
3 18 440 
3 22 738 
3 2 484 
3 4 507 
3 15 432 
3 14 512 
2 5 699 
2 11 892 
2 9 298 
2 20 664 
2 28 480 
2 28 636 
1 13 306 
1 27 220 
1 27 414 
1 20 442 
1 12 448 
1 20 544 
1 21 348 
1 5 422 
0 27 884 
0 21 868 
0 27 872 
