30 393 5

0 130 124 200 142 159 217 147 163 112 120 162 246 213 198 232 202 212 174 240 237 214 250 181 124 184 147 192 130 209 
104 0 170 221 198 224 234 166 160 220 111 188 201 227 120 245 128 126 108 173 218 163 147 125 158 238 131 218 150 137 
186 146 0 197 103 211 239 167 206 156 165 119 191 127 106 246 176 134 112 226 173 171 173 194 225 150 189 185 135 236 
170 187 107 0 139 222 248 129 234 144 224 104 121 209 209 144 226 151 121 156 159 242 221 107 124 154 231 225 103 163 
218 212 110 153 0 126 203 210 188 178 165 140 250 239 189 250 113 239 183 105 154 222 198 133 156 201 201 224 191 118 
213 219 116 203 221 0 161 197 191 230 122 173 147 205 220 205 165 201 114 250 127 222 239 246 143 162 216 208 151 190 
170 216 197 179 228 135 0 184 219 129 127 144 201 138 111 118 199 136 196 132 127 238 170 103 158 217 232 190 119 208 
113 181 137 193 224 154 230 0 243 189 218 182 104 110 234 219 177 211 177 136 182 126 184 237 247 134 194 166 228 212 
201 169 167 207 187 247 101 164 0 250 223 242 241 130 237 171 220 142 100 157 233 127 174 161 173 104 131 222 101 237 
197 191 145 109 208 160 139 112 125 0 123 208 164 192 189 225 169 200 144 200 121 151 161 221 164 231 177 142 231 218 
111 149 237 241 234 162 152 179 193 229 0 249 155 146 127 132 100 142 121 238 213 219 128 227 145 154 232 208 155 120 
234 246 195 238 180 167 179 185 217 192 172 0 189 169 161 107 205 221 163 176 229 249 112 217 169 236 246 173 137 177 
143 218 102 104 149 168 108 133 245 233 210 247 0 224 173 145 152 112 143 121 226 187 140 209 148 112 119 187 160 101 
129 200 126 193 145 212 225 184 181 200 173 218 186 0 231 126 168 138 205 148 250 120 155 172 154 129 117 235 224 123 
178 225 145 182 139 117 211 112 175 129 215 240 213 136 0 137 208 209 165 164 104 125 172 116 105 238 115 154 196 233 
239 215 197 142 207 248 182 127 102 109 133 122 123 135 245 0 194 198 245 249 193 124 166 179 208 129 225 225 123 177 
105 140 183 217 245 219 101 240 151 179 232 159 221 183 189 218 0 214 105 209 244 160 200 198 211 181 117 178 205 191 
154 230 211 232 236 143 237 148 108 152 198 184 127 124 124 200 185 0 242 168 118 110 188 236 133 222 170 245 103 139 
168 151 116 170 221 106 119 139 181 207 180 167 148 139 126 135 175 103 0 214 232 145 114 136 224 247 217 126 163 221 
248 155 215 198 151 212 169 130 164 114 180 159 176 213 248 168 217 139 195 0 182 241 103 247 211 247 232 139 118 216 
114 174 218 139 208 226 213 154 207 226 174 203 234 232 138 208 177 226 137 232 0 178 191 157 100 153 217 155 155 120 
152 162 186 198 124 149 233 222 135 135 176 207 232 163 248 223 189 224 222 189 167 0 200 191 138 215 223 166 100 237 
101 192 172 234 103 201 157 128 228 104 151 233 193 240 197 245 221 123 164 190 250 112 0 201 211 222 151 229 235 162 
113 157 171 152 228 161 123 147 221 217 223 204 104 190 136 234 155 110 140 219 136 166 109 0 142 157 241 223 247 131 
109 241 206 180 102 204 218 123 190 223 131 217 217 114 226 138 148 216 207 250 213 204 210 165 0 116 143 221 232 129 
208 126 159 156 154 234 186 158 216 134 166 215 138 127 153 124 101 227 100 243 138 195 234 140 188 0 107 199 202 187 
142 187 208 173 173 178 243 109 203 246 133 186 213 104 157 139 112 109 158 204 207 133 209 209 170 158 0 185 104 103 
167 190 131 197 138 181 142 132 105 100 207 222 229 208 247 137 182 149 110 152 164 176 112 157 160 235 140 0 147 143 
248 139 231 113 146 244 121 186 117 107 214 107 227 183 250 182 106 213 129 119 177 128 183 203 148 150 231 170 0 248 
190 186 191 174 248 108 224 136 221 249 198 114 205 124 187 212 230 167 197 178 111 180 123 109 235 176 172 163 169 0 

29 27 326 
29 18 356 
29 17 501 
29 9 908 
29 18 844 
29 7 544 
29 12 615 
29 13 496 
29 13 248 
29 6 448 
29 21 360 
29 18 591 
29 16 534 
29 23 327 
29 17 668 
29 21 382 
29 1 558 
29 8 442 
28 12 908 
28 3 633 
28 11 510 
28 3 600 
28 11 357 
28 3 351 
28 11 728 
28 3 372 
28 11 339 
28 3 440 
27 10 624 
27 16 546 
27 8 315 
27 17 224 
27 10 828 
27 15 328 
27 18 220 
27 1 380 
27 6 414 
27 8 480 
27 17 596 
27 12 458 
27 3 591 
27 28 416 
27 25 627 
26 15 556 
26 28 680 
26 13 312 
26 23 418 
26 27 740 
26 28 312 
26 6 852 
26 16 336 
25 11 430 
25 3 552 
25 17 508 
25 17 428 
25 10 402 
25 23 414 
25 3 856 
24 14 452 
24 13 228 
24 26 429 
24 6 872 
24 10 262 
24 11 420 
24 5 612 
24 3 360 
24 15 276 
24 16 296 
24 2 618 
24 21 414 
24 23 660 
24 9 663 
24 21 612 
23 1 471 
23 6 369 
23 17 312 
23 12 280 
23 10 669 
23 17 664 
22 5 603 
22 13 952 
22 16 648 
22 16 864 
22 28 848 
22 3 852 
22 13 476 
21 28 596 
21 16 756 
21 3 744 
21 28 496 
21 3 668 
21 28 992 
21 12 464 
21 3 540 
21 23 764 
21 28 270 
21 3 372 
21 28 444 
21 3 669 
21 28 498 
21 23 573 
21 17 672 
21 3 892 
21 28 396 
21 3 552 
20 27 620 
20 13 856 
20 10 696 
20 10 348 
20 5 452 
20 15 832 
20 8 414 
20 14 552 
20 28 620 
20 23 314 
20 9 678 
20 12 936 
20 5 904 
20 10 342 
20 17 678 
20 29 240 
20 18 548 
20 25 764 
20 11 812 
20 1 522 
19 12 352 
19 8 492 
19 2 430 
19 20 546 
19 4 302 
19 21 860 
19 1 310 
19 5 612 
19 28 354 
19 10 540 
19 15 504 
19 14 496 
18 10 504 
18 28 417 
18 23 228 
18 17 278 
18 6 357 
18 16 350 
18 15 672 
18 12 444 
18 25 988 
18 6 476 
18 23 272 
18 1 302 
18 11 556 
17 21 429 
17 28 844 
17 21 624 
17 28 490 
17 21 556 
17 10 594 
17 28 417 
17 21 592 
17 28 308 
17 21 680 
17 28 444 
17 1 920 
17 12 508 
17 21 472 
17 16 740 
17 28 324 
16 6 543 
16 23 567 
16 10 900 
16 6 416 
16 23 764 
16 6 636 
16 23 234 
16 6 356 
16 23 732 
16 6 792 
16 23 358 
16 6 315 
16 23 302 
16 6 456 
16 23 868 
16 6 320 
15 8 992 
15 25 306 
15 21 372 
15 8 408 
15 25 332 
15 17 792 
15 8 381 
15 25 900 
15 11 244 
15 16 582 
15 8 788 
15 6 364 
15 25 516 
15 23 716 
15 8 218 
15 25 450 
15 11 488 
15 8 624 
14 12 639 
14 26 345 
14 16 624 
14 28 392 
14 28 344 
14 12 426 
14 8 516 
14 23 417 
14 3 728 
14 23 328 
14 18 278 
14 23 348 
14 9 387 
14 15 411 
14 13 408 
14 1 450 
14 1 675 
13 16 296 
13 12 372 
13 28 880 
13 27 705 
13 12 744 
12 23 418 
12 10 630 
12 17 440 
12 21 435 
12 17 336 
12 21 448 
12 17 480 
12 21 532 
12 23 627 
12 17 596 
12 21 408 
11 10 344 
11 15 458 
11 8 418 
11 15 426 
11 21 448 
11 8 352 
11 15 326 
11 8 692 
11 6 537 
26 17 624 
13 21 434 
13 1 462 
13 17 438 
13 21 290 
25 28 358 
25 23 616 
23 16 832 
23 16 435 
23 10 254 
10 6 568 
10 16 200 
10 6 964 
10 16 456 
10 6 908 
10 16 940 
10 6 384 
9 21 363 
9 12 580 
9 16 338 
9 25 916 
9 3 290 
9 28 436 
9 12 492 
9 3 218 
9 1 573 
9 18 432 
9 8 384 
9 15 832 
9 6 417 
9 11 416 
9 28 424 
8 12 723 
8 21 381 
8 18 471 
8 25 374 
8 16 410 
8 18 519 
8 25 888 
8 18 208 
8 25 912 
8 18 666 
8 25 636 
8 28 202 
7 16 708 
7 15 438 
7 25 402 
7 6 636 
7 8 736 
7 16 552 
7 6 411 
7 28 904 
7 15 272 
7 17 844 
7 3 579 
7 21 616 
7 25 268 
7 8 486 
6 12 387 
6 23 392 
6 12 510 
6 23 708 
6 1 648 
6 12 276 
6 10 508 
6 23 680 
6 12 832 
6 23 408 
6 12 736 
6 23 657 
6 12 544 
6 23 264 
6 12 760 
6 23 788 
6 12 394 
6 23 381 
5 15 410 
5 28 604 
5 27 832 
5 8 573 
5 26 864 
5 28 453 
5 10 232 
5 15 912 
5 13 426 
4 11 420 
4 21 444 
4 7 420 
4 9 712 
4 12 711 
4 26 603 
4 16 339 
4 10 660 
4 25 402 
4 14 567 
4 27 672 
4 13 711 
4 10 495 
4 25 603 
4 2 396 
4 25 804 
4 21 888 
4 29 236 
4 11 560 
4 6 812 
3 17 604 
3 15 627 
3 23 321 
3 1 374 
3 16 836 
3 11 675 
3 15 440 
3 11 468 
3 21 693 
3 16 418 
3 15 312 
3 11 888 
3 12 242 
3 15 836 
3 11 417 
3 15 428 
2 9 312 
2 21 342 
2 27 624 
2 16 528 
2 25 450 
2 23 776 
2 29 884 
2 28 405 
2 12 382 
2 8 824 
2 5 844 
2 11 476 
2 11 692 
2 3 394 
2 1 438 
2 7 501 
2 6 462 
2 21 372 
2 5 519 
2 10 495 
22 28 872 
22 29 454 
1 10 681 
1 16 856 
1 10 752 
0 10 496 
0 1 636 
0 10 390 
0 1 441 
0 10 360 
