30 265 4

0 179 208 206 213 101 118 133 214 130 235 193 136 134 139 145 230 209 171 167 130 124 190 243 166 131 207 110 156 246 
140 0 101 149 234 191 132 229 141 187 241 154 144 156 111 234 192 226 141 245 239 241 206 239 176 243 194 171 204 185 
198 137 0 114 157 108 108 219 224 205 104 159 248 240 167 164 122 167 229 154 185 140 242 230 197 209 111 221 125 148 
122 175 198 0 184 131 121 147 182 139 153 212 147 138 136 142 235 240 205 231 217 239 175 147 184 169 250 171 102 222 
241 238 113 250 0 110 126 180 172 106 231 200 137 126 153 105 128 132 222 109 206 248 167 149 128 133 159 198 173 125 
112 182 231 235 175 0 145 123 139 213 108 200 119 148 230 172 186 219 194 163 161 221 210 233 210 145 182 202 138 221 
250 112 196 214 146 171 0 245 133 242 216 191 141 131 178 138 190 233 108 205 232 244 174 104 173 184 144 166 166 229 
173 231 144 118 242 144 151 0 114 187 135 217 186 139 106 125 163 237 236 240 132 145 178 212 215 149 122 105 208 170 
245 159 189 148 196 185 219 223 0 247 226 185 140 108 189 221 178 107 101 119 163 130 125 227 125 114 237 248 171 123 
137 204 162 132 209 147 160 203 242 0 206 222 144 205 176 157 172 130 145 160 102 171 226 126 159 104 235 100 185 182 
247 126 235 148 232 188 198 243 104 207 0 191 127 185 123 137 162 100 152 186 117 212 209 103 217 172 146 153 188 138 
102 193 216 244 246 148 148 118 169 167 124 0 225 180 159 201 152 221 139 249 209 206 190 245 241 134 190 153 167 232 
167 142 218 206 159 178 195 142 196 219 173 198 0 200 249 105 100 196 126 200 215 147 187 104 150 190 250 249 197 243 
106 185 117 117 183 166 230 243 201 192 160 245 201 0 111 114 160 161 161 243 114 163 113 158 240 122 197 188 232 198 
125 195 156 216 169 179 212 172 247 165 235 181 129 217 0 217 100 250 156 176 216 174 139 246 183 129 167 104 207 198 
119 209 224 178 112 173 227 115 240 153 210 202 243 116 246 0 194 143 178 125 234 184 129 147 223 248 126 184 100 192 
246 123 118 165 114 100 188 108 169 124 213 136 113 117 122 160 0 102 177 132 109 188 187 250 179 209 206 182 108 206 
193 200 209 187 111 187 134 220 183 164 189 139 207 195 206 151 228 0 140 223 110 215 154 113 123 237 187 103 182 235 
142 144 180 242 174 220 214 231 244 209 231 197 205 177 152 109 222 198 0 232 178 106 157 133 146 186 228 118 133 150 
127 211 238 223 231 149 187 186 239 214 108 154 102 105 208 174 161 242 236 0 128 183 140 179 111 177 153 198 143 237 
221 196 204 131 160 183 176 210 155 240 148 212 132 104 120 225 157 210 133 108 0 180 130 181 159 140 180 147 110 173 
163 228 146 130 156 182 221 216 240 122 221 139 215 160 162 103 112 233 163 127 183 0 181 165 168 116 147 110 124 105 
234 111 143 233 154 134 210 147 113 102 109 102 112 233 154 164 112 125 237 229 241 171 0 106 200 182 187 122 203 249 
146 106 194 155 158 166 132 200 125 123 227 238 138 174 136 233 134 200 152 219 140 209 128 0 187 240 129 181 156 175 
165 148 188 151 166 188 203 196 142 208 223 182 240 200 103 248 245 183 142 157 123 179 174 175 0 102 158 186 199 229 
245 107 192 128 224 239 124 123 168 234 195 111 189 121 146 127 196 154 205 176 197 226 202 162 201 0 123 221 145 141 
155 104 103 210 162 107 209 115 197 224 193 250 112 160 104 111 101 235 238 105 168 250 249 182 194 206 0 196 207 170 
137 108 187 172 117 133 250 188 102 153 114 167 189 133 194 216 116 245 226 193 197 211 151 244 219 158 134 0 111 178 
217 119 192 211 209 235 102 248 180 164 223 189 113 202 132 218 145 227 236 152 171 158 178 150 147 241 110 133 0 199 
200 188 181 172 210 185 153 142 203 178 120 209 227 101 125 114 195 220 222 204 192 245 161 245 216 225 154 236 195 0 

29 24 322 
29 18 444 
29 20 768 
29 18 888 
29 23 446 
29 5 370 
29 23 892 
29 19 600 
29 12 908 
29 8 812 
29 26 308 
29 27 916 
28 26 204 
28 14 264 
28 9 357 
28 19 450 
28 26 330 
28 3 840 
27 19 408 
27 9 612 
27 7 633 
27 25 302 
26 16 621 
26 14 230 
26 20 504 
26 16 340 
26 14 680 
26 16 416 
26 19 315 
25 24 804 
25 19 704 
25 26 904 
25 14 392 
25 12 567 
25 26 672 
25 14 768 
25 20 394 
25 26 282 
25 14 820 
25 26 808 
25 14 486 
25 26 492 
26 19 426 
24 26 537 
24 25 408 
24 12 696 
24 26 632 
24 4 498 
24 25 458 
24 26 812 
23 24 318 
23 5 664 
23 28 438 
23 9 600 
23 9 681 
23 12 552 
23 28 700 
23 19 876 
23 4 316 
23 28 348 
23 19 500 
23 24 748 
23 12 414 
23 19 350 
23 3 800 
23 4 584 
22 21 684 
22 8 226 
22 5 268 
22 1 222 
22 21 513 
22 12 306 
22 5 536 
22 21 408 
22 3 932 
22 6 630 
22 3 699 
22 4 616 
22 4 308 
22 8 452 
21 17 428 
21 5 364 
21 25 232 
21 25 348 
21 14 486 
21 26 294 
21 24 672 
21 12 430 
21 24 504 
21 5 724 
21 18 640 
21 10 210 
21 6 884 
28 24 816 
3 14 266 
3 20 416 
3 5 408 
3 4 630 
20 15 654 
3 14 360 
16 19 636 
20 24 294 
20 19 240 
16 12 912 
14 24 372 
19 4 693 
14 9 374 
14 9 429 
14 26 748 
26 4 594 
19 25 424 
19 24 888 
18 9 354 
18 24 292 
18 19 464 
18 14 304 
18 10 693 
18 8 440 
18 1 568 
18 26 318 
18 28 266 
18 9 627 
17 23 452 
17 28 546 
17 9 492 
17 16 657 
17 16 556 
17 7 660 
17 25 900 
16 19 264 
16 3 369 
16 14 488 
16 7 354 
16 3 645 
16 7 492 
16 20 327 
27 2 808 
17 1 258 
17 3 916 
2 9 400 
2 23 768 
2 14 238 
6 15 458 
6 25 252 
6 5 606 
15 9 356 
15 12 639 
15 4 464 
14 16 500 
14 7 200 
14 16 412 
14 7 468 
14 16 432 
13 18 644 
13 28 452 
13 12 603 
13 14 333 
13 16 640 
13 25 366 
13 2 468 
13 26 788 
13 7 916 
13 17 483 
13 26 394 
13 2 234 
13 7 687 
13 15 456 
13 6 896 
27 23 588 
12 4 400 
12 5 712 
12 15 300 
11 17 663 
11 9 501 
11 22 760 
11 19 498 
11 14 477 
11 18 417 
10 16 324 
10 4 422 
10 9 414 
10 26 741 
10 6 396 
10 16 486 
10 25 836 
10 4 633 
10 26 292 
10 7 729 
10 6 594 
10 7 972 
10 20 740 
10 23 412 
28 19 306 
9 20 486 
9 19 678 
9 20 609 
8 28 684 
8 25 456 
8 20 489 
8 23 440 
8 19 357 
8 6 876 
8 1 318 
8 17 428 
8 6 438 
8 14 378 
7 28 435 
7 20 264 
7 3 692 
7 28 636 
7 3 356 
7 24 430 
7 28 860 
7 3 868 
7 26 488 
7 28 340 
7 3 315 
7 28 534 
7 3 416 
7 28 472 
6 14 534 
6 20 348 
6 24 519 
6 20 522 
11 19 326 
11 28 238 
11 23 290 
27 26 357 
27 16 364 
27 4 582 
5 12 546 
5 15 246 
5 12 639 
6 16 378 
6 9 668 
28 3 618 
4 20 434 
4 9 888 
4 20 400 
3 25 342 
3 24 736 
3 26 636 
3 4 368 
2 26 444 
2 12 432 
2 24 394 
2 19 717 
2 9 592 
2 6 312 
1 24 352 
1 24 740 
1 19 564 
1 26 776 
1 23 618 
1 3 280 
1 3 616 
1 9 282 
1 16 576 
1 4 702 
1 14 444 
1 12 288 
0 5 888 
0 12 468 
0 5 332 
0 12 393 
