30 195 4

0 241 220 107 162 237 132 140 147 174 166 153 171 193 112 240 215 144 123 128 165 232 190 111 134 195 172 209 225 158 
246 0 241 107 161 170 172 105 149 207 199 189 148 151 243 243 230 192 117 247 191 102 247 227 164 103 244 225 104 191 
201 133 0 157 144 174 151 192 135 118 246 111 143 139 166 235 159 186 100 187 214 232 228 149 107 206 101 100 140 241 
216 117 109 0 121 225 205 202 100 246 111 171 164 103 191 108 173 216 158 143 215 162 185 197 156 229 188 174 122 155 
213 131 207 138 0 177 101 177 156 232 237 165 122 124 198 113 145 143 212 238 225 128 160 215 199 228 249 215 173 101 
103 243 191 213 105 0 176 104 205 125 126 224 222 145 106 162 153 183 199 222 235 182 150 195 122 232 171 187 218 116 
151 225 139 157 108 250 0 178 236 103 135 196 143 203 134 137 174 175 162 232 228 163 149 139 198 118 181 250 101 160 
178 245 114 118 241 134 197 0 196 229 217 141 133 129 147 134 103 154 211 232 184 124 196 115 111 202 130 175 184 175 
171 159 114 159 135 200 239 208 0 219 114 216 155 110 158 129 170 154 137 148 206 162 210 201 217 135 208 248 168 162 
117 226 241 171 119 123 172 140 153 0 235 207 166 179 100 190 215 204 221 203 124 230 228 228 232 154 130 245 163 191 
218 207 148 196 236 198 101 132 159 124 0 232 220 142 213 188 120 212 196 151 237 223 196 146 104 123 239 149 181 153 
118 104 235 132 139 113 247 219 143 228 142 0 156 164 196 144 157 223 195 226 102 197 224 218 129 106 120 177 133 153 
179 246 147 170 131 153 153 233 209 126 141 124 0 212 157 150 131 112 102 208 225 151 227 176 177 194 226 100 244 153 
241 122 123 185 186 143 140 186 135 163 137 121 182 0 189 225 185 163 139 231 119 212 100 100 104 113 234 138 243 158 
246 172 139 194 146 140 199 145 182 114 159 237 151 200 0 141 218 158 126 164 119 182 197 240 153 229 153 114 117 219 
131 169 181 122 162 223 203 119 235 147 102 129 205 198 126 0 220 145 209 124 111 127 145 194 121 237 167 198 157 223 
114 188 207 104 200 199 196 148 216 217 175 226 237 137 121 244 0 244 228 220 121 247 100 186 159 184 213 106 232 203 
222 224 142 187 136 210 221 194 174 155 208 233 149 217 181 146 193 0 106 110 148 180 168 103 117 115 205 212 137 157 
237 129 142 173 244 243 167 134 133 151 213 148 182 205 125 191 177 109 0 239 148 148 134 246 124 103 192 245 199 171 
126 240 103 200 226 214 191 150 132 149 183 227 210 200 122 151 127 138 235 0 121 202 239 178 137 227 110 150 222 222 
128 102 225 156 145 207 226 210 224 105 167 152 151 196 249 165 184 116 126 231 0 167 157 167 187 178 136 198 104 234 
190 165 114 233 129 170 235 222 137 146 248 182 198 175 170 222 207 150 195 105 216 0 172 227 234 180 156 198 153 189 
208 212 238 209 209 181 106 242 207 120 195 121 232 242 190 150 241 106 222 187 161 122 0 249 222 122 228 149 238 145 
131 208 227 212 116 226 223 152 144 159 206 171 146 166 198 221 134 101 214 196 236 107 128 0 175 101 114 181 225 194 
173 236 167 184 215 199 100 231 213 120 197 231 235 177 194 118 140 239 106 214 196 143 149 137 0 245 182 184 241 137 
167 193 114 127 225 176 218 216 132 240 158 171 181 119 178 196 110 226 239 209 235 216 197 181 148 0 232 222 216 141 
107 228 244 201 155 246 143 107 144 222 240 113 240 150 179 105 220 185 154 250 211 233 233 102 242 100 0 234 198 181 
177 153 155 147 202 114 142 120 190 228 101 195 171 220 150 218 210 236 149 161 131 148 158 179 232 149 135 0 207 192 
158 220 177 153 106 225 202 221 175 151 201 207 171 157 226 181 216 197 221 153 111 137 213 204 127 105 102 237 0 239 
203 156 230 238 168 238 203 243 182 143 159 188 117 127 202 201 229 184 236 106 249 195 124 118 196 132 125 120 108 0 

29 3 714 
29 23 354 
29 18 438 
29 7 464 
29 28 936 
29 1 312 
29 16 687 
28 16 860 
28 1 639 
28 9 604 
28 24 508 
27 8 760 
27 19 354 
27 19 644 
27 2 620 
27 4 404 
27 17 944 
27 2 310 
27 10 456 
26 18 960 
26 7 537 
26 20 422 
26 17 740 
26 18 308 
26 2 856 
15 21 456 
26 2 474 
25 24 592 
25 2 864 
25 11 452 
28 8 424 
24 8 852 
28 10 402 
28 22 274 
28 14 860 
24 25 429 
24 18 392 
23 20 472 
23 24 388 
23 22 477 
23 25 362 
22 20 644 
22 7 484 
22 23 300 
22 24 888 
21 7 760 
21 8 612 
21 24 663 
21 11 364 
21 16 292 
21 20 666 
21 17 300 
21 17 600 
21 20 510 
21 7 666 
20 24 374 
23 24 384 
23 25 306 
20 3 468 
23 25 501 
23 1 312 
20 13 588 
20 18 504 
17 3 580 
19 1 904 
19 1 892 
19 7 600 
19 7 450 
19 13 600 
19 11 856 
19 17 276 
18 8 399 
14 11 568 
14 6 486 
9 8 657 
6 23 732 
6 18 384 
18 24 372 
10 1 426 
10 16 375 
18 2 474 
17 13 434 
17 1 548 
17 7 292 
17 1 672 
17 1 434 
22 13 400 
22 13 888 
16 17 424 
16 11 663 
16 22 784 
15 3 471 
15 21 381 
15 8 444 
15 11 258 
15 2 204 
15 26 504 
15 22 314 
15 7 476 
14 9 342 
14 13 924 
14 8 728 
14 15 564 
14 17 632 
14 1 688 
14 18 657 
13 8 270 
28 7 300 
13 18 242 
13 24 316 
12 28 732 
12 18 306 
12 4 393 
12 24 708 
12 21 604 
12 7 660 
12 22 908 
19 24 418 
23 3 436 
11 1 480 
11 20 448 
11 1 612 
10 24 596 
10 18 392 
10 23 292 
10 25 872 
10 26 956 
10 15 792 
10 3 298 
9 2 428 
9 8 369 
9 2 956 
9 26 520 
9 6 688 
9 13 476 
9 26 390 
9 17 816 
12 21 412 
29 10 342 
29 18 456 
4 11 486 
8 3 318 
4 15 504 
8 24 400 
8 13 416 
22 3 712 
7 25 404 
7 22 458 
7 16 536 
6 26 362 
6 21 652 
6 1 309 
6 17 700 
6 18 206 
6 23 278 
6 13 609 
5 29 348 
5 15 648 
5 27 748 
5 4 210 
5 22 600 
5 8 410 
4 8 468 
4 21 512 
4 23 860 
4 21 384 
4 10 430 
4 26 452 
4 17 429 
5 8 468 
5 18 522 
5 15 404 
27 24 450 
12 24 206 
3 8 324 
3 13 632 
3 8 200 
26 24 402 
26 23 429 
19 16 432 
2 11 399 
2 20 456 
2 11 200 
17 24 450 
17 24 306 
17 3 416 
22 11 444 
22 24 741 
1 7 296 
1 16 414 
1 7 824 
0 3 342 
0 8 420 
0 3 632 
0 8 486 
