30 283 5

0 116 199 151 203 165 187 225 186 175 171 177 114 191 133 115 114 222 182 210 126 150 114 138 131 220 204 243 191 191 
105 0 105 245 120 228 210 157 151 161 103 235 197 110 175 106 173 200 103 223 229 206 238 208 210 246 180 113 158 140 
193 192 0 191 156 188 238 154 100 227 162 192 152 194 102 216 102 138 239 120 224 230 232 181 231 136 207 229 245 229 
114 156 229 0 129 190 182 113 174 203 191 196 155 248 153 166 246 215 158 216 170 128 153 129 151 226 226 209 151 158 
121 175 221 162 0 129 166 249 196 173 129 166 109 107 115 221 202 227 122 222 204 146 147 123 163 154 235 209 209 217 
130 232 225 233 115 0 161 124 212 183 132 187 243 156 156 128 105 214 168 107 234 146 103 228 206 240 102 220 191 131 
248 119 142 232 248 174 0 211 228 209 225 216 202 164 145 100 191 215 216 186 244 136 240 171 210 201 210 116 132 159 
150 232 149 213 214 168 112 0 229 181 120 163 214 127 105 101 167 218 164 229 133 194 212 237 237 217 128 192 116 174 
124 205 130 223 231 204 234 244 0 205 107 151 133 149 207 151 220 231 168 204 103 196 200 228 213 160 205 217 205 157 
238 110 151 156 149 167 187 239 208 0 186 201 179 150 236 239 180 142 164 151 140 108 104 113 126 149 200 200 127 168 
120 199 142 179 196 209 249 158 178 221 0 102 125 173 107 107 123 104 114 198 227 180 158 176 173 107 142 205 120 166 
133 156 250 105 198 226 245 211 149 204 233 0 244 180 167 158 148 115 108 192 233 115 124 202 152 168 158 206 202 207 
179 150 237 105 246 101 113 239 131 225 172 198 0 114 141 176 179 219 111 175 129 178 211 199 129 174 227 106 101 218 
157 124 113 221 153 207 169 222 166 142 119 136 179 0 152 247 171 141 151 147 143 112 200 105 150 235 101 101 133 200 
143 224 124 134 136 112 103 222 233 167 197 145 106 105 0 201 158 222 115 112 127 206 131 200 214 240 140 233 197 139 
221 230 144 193 140 149 102 215 222 217 124 220 247 184 205 0 103 148 170 159 197 196 212 178 120 124 209 110 245 147 
135 119 131 126 214 167 232 219 141 110 101 205 199 151 196 160 0 130 240 121 184 114 169 139 154 211 147 188 146 126 
141 191 157 191 220 116 103 134 170 201 152 120 224 192 207 116 161 0 121 116 147 128 188 230 141 192 146 240 239 236 
220 162 153 113 144 114 163 248 113 142 182 113 161 226 232 233 167 200 0 196 231 132 114 165 118 174 186 206 152 207 
128 214 201 220 115 104 148 151 136 155 172 207 178 196 215 165 196 101 157 0 194 201 174 168 134 154 201 236 124 106 
211 241 122 186 161 116 174 240 205 229 130 188 146 218 111 237 204 127 180 219 0 108 186 203 167 189 129 195 147 157 
113 229 189 220 164 142 168 197 204 201 152 213 224 208 142 111 140 182 153 155 143 0 223 138 142 125 249 120 135 250 
249 195 250 114 150 204 113 116 207 138 214 233 225 223 111 170 215 162 168 116 182 218 0 113 237 183 110 175 193 247 
224 105 133 196 112 225 219 148 242 191 185 200 161 234 209 208 244 239 245 130 238 159 245 0 226 220 226 117 206 216 
130 114 240 195 181 172 118 250 152 232 130 160 114 170 178 118 173 221 174 242 244 144 164 113 0 135 178 153 181 246 
123 237 204 109 119 152 152 221 178 162 136 107 217 201 243 218 123 133 241 146 234 185 109 102 177 0 177 118 202 216 
167 210 247 215 239 224 123 106 234 170 158 227 196 177 104 219 125 218 138 125 167 170 214 197 245 184 0 179 245 215 
218 111 154 227 175 140 189 221 204 187 112 160 237 194 115 109 173 141 200 107 155 110 244 248 204 211 113 0 111 216 
108 182 114 183 156 202 234 192 111 161 164 230 129 125 247 187 247 191 214 129 119 172 226 232 209 130 231 156 0 231 
135 204 234 108 165 152 173 245 140 249 116 214 149 169 128 190 184 223 142 139 225 199 189 199 161 233 234 246 230 0 

29 13 676 
29 19 556 
29 1 816 
29 28 690 
29 2 702 
29 21 597 
29 19 417 
29 17 440 
29 13 338 
29 8 280 
29 14 384 
29 23 796 
29 11 428 
29 4 495 
29 12 298 
28 16 432 
28 16 648 
28 22 888 
28 15 374 
28 14 549 
28 13 366 
28 7 768 
28 14 432 
28 15 561 
27 28 444 
27 2 432 
27 28 330 
27 22 972 
27 17 423 
27 9 561 
27 10 224 
27 17 564 
27 2 408 
27 28 440 
27 1 333 
27 2 639 
26 14 666 
26 7 501 
26 14 788 
26 7 368 
26 14 334 
26 7 648 
26 10 632 
26 10 474 
26 14 318 
26 7 860 
25 17 266 
25 28 354 
25 27 354 
25 22 218 
25 10 408 
25 6 214 
25 2 816 
25 21 584 
25 13 804 
25 6 648 
25 27 472 
25 15 872 
25 7 442 
25 9 486 
25 13 402 
24 27 612 
24 26 712 
24 20 492 
24 16 346 
24 2 438 
24 17 884 
24 6 472 
24 25 405 
23 9 382 
23 17 924 
23 7 392 
23 14 418 
23 6 438 
23 18 624 
23 26 648 
22 7 705 
22 26 464 
22 7 440 
22 9 276 
22 26 342 
22 15 340 
22 10 428 
21 10 328 
21 20 656 
21 2 378 
21 9 880 
21 20 414 
21 13 440 
20 13 876 
20 27 390 
20 27 585 
20 15 324 
20 1 464 
20 9 916 
20 8 615 
20 13 864 
20 9 458 
20 14 222 
19 6 592 
19 22 348 
19 17 202 
19 5 312 
19 7 302 
19 26 603 
19 18 314 
18 14 900 
18 15 699 
18 22 342 
18 9 426 
18 25 348 
18 7 282 
18 1 464 
18 8 460 
18 25 705 
21 14 384 
17 1 573 
17 1 764 
17 6 564 
16 9 645 
16 22 282 
16 6 928 
16 9 453 
16 6 464 
16 22 657 
16 9 393 
16 22 609 
16 9 302 
16 22 423 
16 9 428 
16 22 405 
8 26 248 
14 26 636 
14 7 702 
15 10 248 
14 10 496 
22 16 477 
22 1 579 
9 15 860 
15 1 663 
15 10 496 
9 1 510 
9 10 596 
14 1 666 
14 10 394 
14 17 852 
14 27 408 
14 13 336 
14 27 210 
13 27 400 
13 28 612 
13 27 600 
13 28 286 
13 27 678 
13 22 400 
13 28 224 
13 27 471 
13 28 408 
13 27 315 
13 28 336 
13 27 399 
13 28 453 
12 6 339 
12 4 648 
12 8 350 
12 16 358 
12 22 612 
12 7 872 
12 1 300 
12 1 600 
12 21 712 
12 15 528 
12 28 525 
12 10 516 
12 20 516 
11 21 420 
11 10 828 
11 26 632 
11 10 932 
11 28 404 
11 25 672 
11 27 444 
11 17 888 
11 8 447 
11 7 432 
11 25 399 
11 15 768 
11 14 334 
23 11 321 
24 25 284 
10 17 716 
10 1 796 
10 6 321 
9 22 603 
9 26 430 
9 22 300 
9 1 440 
9 26 656 
9 22 504 
8 22 302 
8 7 612 
8 16 496 
8 22 800 
8 17 422 
8 22 412 
8 17 426 
7 13 696 
7 6 448 
7 1 462 
7 14 522 
7 13 450 
7 14 651 
7 13 434 
7 10 480 
7 14 852 
7 13 454 
7 14 298 
7 13 300 
7 15 202 
7 14 768 
21 10 464 
21 28 456 
8 17 432 
6 16 300 
6 15 408 
6 16 720 
5 22 309 
5 25 717 
5 25 478 
5 10 214 
5 6 483 
5 28 390 
5 13 624 
5 7 372 
4 26 624 
4 7 996 
4 22 294 
4 2 387 
4 27 416 
4 18 666 
4 18 244 
4 1 350 
4 21 438 
4 24 484 
4 14 230 
4 24 652 
3 29 632 
3 23 516 
3 11 588 
3 22 306 
3 19 864 
3 11 392 
3 21 384 
3 19 432 
3 6 546 
3 10 382 
3 18 474 
2 17 544 
2 6 752 
2 28 468 
2 7 462 
2 15 360 
2 22 624 
2 26 621 
2 13 582 
2 13 776 
2 6 724 
2 22 696 
2 10 486 
2 16 306 
2 13 904 
19 23 720 
19 21 420 
5 14 394 
23 1 212 
1 17 420 
1 10 868 
1 17 560 
0 1 440 
0 10 744 
0 1 262 
0 10 230 
0 1 342 
