10 56 3

0 101 113 211 135 250 191 178 191 154 
126 0 124 169 177 200 137 172 227 107 
188 129 0 165 123 162 111 223 107 171 
206 117 162 0 128 160 157 184 143 248 
175 185 215 105 0 167 158 102 138 164 
130 107 173 178 108 0 151 104 207 225 
215 175 167 230 196 127 0 245 154 124 
161 225 226 221 240 105 214 0 129 181 
176 235 158 201 133 216 245 205 0 198 
164 202 142 164 124 198 148 214 176 0 

9 7 428 
9 4 328 
9 8 528 
9 4 372 
8 6 980 
8 2 594 
8 5 532 
8 7 820 
8 5 648 
8 5 864 
7 5 210 
7 2 724 
7 6 428 
7 2 516 
7 2 852 
1 2 645 
1 5 372 
3 6 924 
6 7 392 
6 5 588 
6 7 254 
5 7 356 
5 8 214 
5 7 416 
4 5 525 
4 7 555 
4 5 350 
4 2 645 
4 2 430 
4 5 668 
4 6 632 
4 2 860 
3 6 896 
3 4 351 
3 2 324 
3 7 412 
3 5 672 
3 7 368 
9 4 222 
9 4 684 
9 2 752 
9 8 486 
9 5 492 
1 3 321 
2 6 444 
2 5 513 
2 6 376 
1 3 507 
1 5 800 
1 8 504 
1 6 274 
1 6 411 
1 2 372 
0 6 573 
0 2 303 
0 6 270 
