10 67 4

0 250 138 210 234 184 195 208 152 209 
107 0 227 125 178 130 189 214 154 196 
234 147 0 208 149 122 220 205 241 125 
190 158 121 0 209 235 225 244 232 196 
239 149 220 245 0 204 198 219 222 176 
114 175 218 198 169 0 206 240 182 108 
223 229 121 101 112 127 0 224 120 178 
142 229 134 106 191 244 202 0 210 207 
213 231 233 247 205 202 157 225 0 152 
144 160 105 122 167 102 199 148 146 0 

9 8 334 
9 5 366 
9 6 398 
9 5 576 
9 6 320 
9 8 292 
9 6 592 
9 8 640 
9 5 315 
9 8 584 
9 8 438 
1 2 639 
1 3 615 
1 4 608 
4 7 494 
4 7 852 
4 8 741 
8 5 932 
8 6 900 
8 5 456 
7 5 732 
7 5 488 
7 9 536 
7 8 840 
7 6 573 
7 6 458 
4 8 687 
4 9 672 
2 3 896 
3 5 448 
6 5 336 
6 9 254 
6 5 242 
3 5 525 
3 8 700 
3 5 594 
7 5 338 
5 6 618 
5 8 364 
5 8 728 
4 7 956 
4 5 612 
4 6 792 
4 6 396 
3 9 588 
3 7 632 
3 8 464 
3 7 732 
3 8 363 
2 9 447 
2 7 588 
2 3 298 
2 8 936 
2 9 375 
2 5 294 
2 7 468 
2 9 441 
1 5 520 
1 9 392 
1 4 712 
1 5 390 
1 3 500 
1 6 756 
0 6 416 
0 8 304 
0 6 624 
0 8 832 
