10 96 4

0 155 138 238 122 218 236 229 240 134 
113 0 230 115 187 181 168 209 153 229 
142 240 0 235 183 198 113 137 120 172 
211 157 108 0 247 115 182 165 106 222 
223 211 115 152 0 169 222 134 154 239 
151 202 139 222 137 0 249 183 219 112 
216 215 236 178 154 151 0 166 128 187 
201 201 193 212 154 208 184 0 143 177 
131 175 112 159 118 103 122 100 0 210 
100 213 231 153 127 200 172 108 156 0 

9 3 612 
9 2 693 
9 5 600 
9 1 852 
9 8 300 
8 6 636 
8 6 366 
8 4 309 
8 2 448 
8 4 630 
8 6 350 
8 4 236 
8 4 206 
8 2 262 
7 8 286 
7 6 368 
7 2 636 
7 4 354 
7 6 552 
7 2 804 
7 8 624 
7 6 416 
7 6 736 
7 4 848 
7 2 402 
7 2 579 
7 2 386 
7 4 603 
7 4 603 
6 4 616 
6 2 472 
6 7 534 
6 2 708 
5 2 556 
5 7 732 
5 7 604 
5 4 274 
5 3 888 
5 1 336 
5 2 302 
5 8 453 
5 8 438 
5 8 657 
9 5 633 
9 7 608 
9 2 456 
9 1 268 
3 6 308 
3 4 402 
3 2 669 
6 4 666 
6 4 507 
6 2 338 
6 2 616 
6 4 345 
4 6 462 
4 2 230 
4 6 304 
4 2 422 
3 4 448 
3 7 495 
3 6 728 
3 1 471 
3 2 216 
3 4 896 
2 8 360 
2 6 960 
2 8 792 
2 4 732 
2 6 274 
2 8 426 
2 6 452 
2 8 688 
2 6 344 
2 8 705 
2 6 396 
1 4 226 
1 4 687 
1 2 892 
1 2 446 
1 7 724 
1 2 339 
1 6 336 
1 7 627 
1 8 459 
1 7 230 
1 6 504 
1 4 561 
1 7 836 
1 4 916 
1 4 374 
1 4 543 
0 2 654 
0 4 414 
0 2 872 
0 4 536 
