10 143 5

0 129 138 133 153 163 108 194 206 241 
147 0 189 206 158 228 128 134 170 212 
242 129 0 197 181 151 222 209 184 169 
208 110 244 0 118 150 161 157 212 187 
229 185 115 184 0 177 104 167 211 208 
167 143 216 225 180 0 113 136 183 171 
214 151 133 169 138 154 0 196 216 105 
128 127 122 148 222 197 128 0 172 142 
165 173 194 117 195 159 182 170 0 170 
235 240 224 246 113 185 189 107 149 0 

9 5 214 
9 8 447 
9 4 226 
9 4 705 
9 1 936 
9 6 567 
9 3 984 
9 2 896 
9 8 596 
9 8 298 
9 3 492 
8 4 495 
8 3 776 
8 1 346 
8 4 390 
8 3 388 
8 4 660 
8 3 780 
8 4 340 
8 3 728 
8 4 364 
8 3 680 
8 4 546 
8 1 519 
8 3 351 
8 4 330 
8 3 477 
8 4 340 
8 3 582 
8 4 318 
7 9 512 
7 2 488 
7 1 381 
7 4 444 
7 1 384 
7 5 788 
7 8 344 
7 9 284 
7 1 254 
7 5 591 
7 8 516 
7 8 688 
7 6 512 
7 1 508 
7 5 394 
7 6 384 
7 2 244 
6 8 864 
6 5 616 
6 2 399 
6 4 420 
6 5 462 
6 3 676 
6 2 856 
6 5 588 
6 2 532 
6 4 315 
6 8 648 
6 4 414 
6 1 453 
5 1 572 
5 4 720 
5 4 360 
5 4 408 
5 4 339 
5 3 675 
5 4 540 
5 8 226 
5 8 732 
5 1 286 
5 1 684 
5 2 513 
5 1 342 
5 3 334 
5 2 648 
5 1 429 
5 8 668 
5 8 549 
5 8 272 
5 3 450 
4 3 531 
4 8 422 
4 3 416 
4 3 354 
4 8 460 
4 1 708 
4 8 633 
4 8 624 
4 1 916 
4 8 345 
4 8 668 
4 8 501 
4 8 230 
4 1 832 
4 1 334 
4 3 368 
4 1 370 
4 3 552 
4 1 740 
3 4 624 
3 2 354 
3 4 600 
3 2 300 
3 4 472 
3 2 466 
3 4 471 
3 8 636 
3 1 330 
3 2 374 
3 4 699 
3 8 424 
3 8 848 
3 2 748 
3 4 628 
3 2 644 
3 4 932 
3 2 236 
3 4 314 
3 1 440 
2 4 726 
2 1 484 
2 3 788 
2 8 444 
2 4 888 
2 1 258 
2 1 387 
2 4 684 
2 1 632 
1 3 294 
1 8 848 
1 3 340 
1 8 756 
1 3 824 
1 8 912 
1 3 510 
1 8 441 
1 3 567 
1 8 474 
0 1 266 
0 8 216 
0 1 326 
0 8 552 
0 1 388 
