10 80 3

0 130 102 143 220 176 113 103 178 239 
149 0 116 119 169 149 197 195 206 157 
250 127 0 118 248 141 148 174 197 194 
141 177 160 0 156 105 173 101 116 139 
105 146 202 169 0 223 218 224 236 235 
198 242 152 237 102 0 137 109 221 163 
197 177 175 102 207 115 0 222 185 164 
239 181 135 231 180 140 225 0 105 202 
161 198 243 104 247 245 204 209 0 228 
213 237 206 220 177 153 177 174 178 0 

9 5 306 
9 3 880 
9 1 354 
9 6 708 
9 2 412 
9 7 639 
9 2 618 
9 5 459 
9 8 534 
9 3 852 
9 7 522 
9 1 711 
8 7 410 
8 7 456 
8 5 418 
8 2 972 
8 6 408 
8 1 416 
8 5 644 
8 5 836 
8 6 494 
8 7 684 
7 5 560 
7 6 478 
7 1 543 
7 1 956 
7 6 900 
7 5 360 
7 5 808 
7 6 420 
7 2 315 
7 6 450 
6 5 555 
6 7 740 
6 5 408 
6 7 328 
6 2 525 
5 6 948 
5 2 306 
5 1 484 
5 1 218 
5 1 474 
5 2 327 
4 2 404 
4 7 832 
4 5 892 
4 3 210 
4 8 944 
4 7 416 
4 8 472 
4 1 438 
4 8 708 
4 7 624 
4 9 470 
3 6 692 
3 8 232 
3 2 640 
3 2 320 
3 1 531 
3 7 556 
3 8 312 
3 8 348 
3 8 278 
3 8 468 
3 7 564 
2 5 582 
2 6 564 
2 5 236 
5 6 824 
5 6 314 
5 6 447 
6 1 596 
6 1 507 
6 2 628 
1 2 780 
1 6 348 
1 2 476 
0 2 356 
0 1 534 
0 2 226 
