10 102 5

0 233 115 206 231 141 101 242 202 124 
243 0 213 153 121 199 183 105 125 150 
123 214 0 136 184 177 250 170 151 109 
156 193 165 0 137 149 183 190 142 216 
117 123 140 110 0 167 244 135 246 158 
238 132 145 199 113 0 149 216 227 213 
178 214 207 249 246 237 0 236 110 232 
144 115 196 114 125 100 173 0 220 232 
209 109 178 164 197 115 134 145 0 107 
210 185 172 180 164 227 149 199 232 0 

9 6 370 
9 8 464 
9 6 447 
9 2 688 
9 8 656 
9 6 492 
9 2 344 
9 8 360 
9 6 420 
9 8 840 
9 6 540 
8 9 214 
8 2 534 
8 9 428 
8 9 460 
8 9 656 
8 2 712 
8 9 327 
8 2 328 
8 6 418 
7 1 230 
7 6 692 
7 9 464 
7 1 500 
7 9 375 
7 2 588 
6 1 220 
6 8 900 
6 1 440 
6 2 414 
6 8 944 
6 9 868 
6 1 747 
6 9 434 
6 8 330 
6 1 675 
6 8 712 
6 9 651 
5 9 597 
5 9 639 
5 9 426 
5 8 454 
5 8 226 
5 2 435 
5 1 339 
5 8 908 
5 6 690 
5 1 396 
5 1 452 
5 6 596 
5 9 852 
4 6 234 
4 2 280 
4 9 440 
4 5 334 
4 7 540 
4 9 632 
4 2 420 
4 8 738 
4 8 492 
4 7 405 
4 5 501 
4 1 492 
3 9 648 
3 5 447 
3 5 596 
3 2 330 
3 1 772 
3 4 548 
3 6 366 
3 2 624 
3 9 468 
3 7 380 
7 6 302 
7 8 327 
7 2 708 
2 9 856 
2 6 436 
2 9 448 
2 6 246 
2 9 354 
2 6 680 
2 9 428 
2 6 368 
1 9 420 
1 9 300 
1 8 210 
1 6 732 
1 6 366 
1 8 242 
1 2 426 
1 6 306 
1 8 476 
1 6 612 
1 9 363 
1 8 459 
1 2 952 
0 9 484 
0 2 345 
0 9 372 
0 2 924 
0 9 230 
