20 149 3

0 216 220 238 132 149 146 180 163 208 102 199 134 105 227 129 136 234 182 177 
147 0 153 190 125 180 115 245 196 199 108 217 162 117 167 155 214 140 120 198 
174 209 0 129 205 134 245 130 221 172 198 192 223 224 149 189 220 110 136 176 
188 242 165 0 160 118 162 213 213 147 195 118 158 243 117 200 129 122 112 167 
103 201 101 175 0 176 147 242 164 122 225 180 113 183 241 183 124 231 140 111 
107 214 167 131 155 0 175 250 103 162 144 154 141 188 208 190 189 157 204 189 
137 210 177 229 111 210 0 170 220 228 227 201 238 240 181 205 214 193 177 176 
159 191 121 172 102 144 175 0 162 224 103 198 243 211 197 140 112 196 234 249 
151 224 235 107 101 188 218 221 0 203 150 119 238 233 110 132 197 219 106 158 
165 223 244 230 239 137 159 190 103 0 184 246 236 157 233 117 137 209 234 228 
155 157 101 207 180 235 245 125 243 238 0 243 181 219 110 202 246 155 186 231 
200 242 207 180 146 115 136 124 128 206 213 0 240 163 183 102 228 134 124 120 
168 119 183 108 103 202 101 124 110 203 113 217 0 250 241 230 167 177 141 170 
170 249 245 207 142 152 208 241 174 214 158 226 228 0 179 208 113 188 159 104 
145 250 190 193 153 247 106 177 113 151 103 133 183 208 0 143 127 248 124 189 
164 249 247 172 185 207 201 174 250 212 135 186 172 249 112 0 149 244 151 221 
166 138 247 219 146 145 219 215 132 157 124 217 241 194 236 218 0 191 219 172 
229 134 196 175 248 212 232 237 175 120 224 243 116 193 174 121 167 0 159 198 
195 144 191 209 244 232 123 168 246 249 163 101 250 238 178 156 154 162 0 237 
225 249 196 244 137 113 161 234 106 147 240 158 187 127 236 145 148 196 178 0 

19 16 444 
19 1 996 
19 8 318 
19 7 936 
19 8 424 
19 11 316 
19 8 212 
19 14 864 
19 13 381 
19 12 339 
19 9 452 
18 15 390 
18 2 382 
18 11 356 
18 8 458 
17 2 588 
12 17 579 
17 10 672 
12 2 876 
12 15 386 
4 14 242 
4 8 636 
4 10 348 
4 6 480 
6 15 396 
17 8 438 
16 2 675 
16 7 645 
16 7 430 
16 9 628 
16 14 468 
16 9 332 
16 12 580 
16 10 582 
16 12 723 
15 18 302 
15 3 747 
15 17 996 
14 10 309 
14 8 290 
14 17 424 
14 11 266 
14 8 452 
14 3 318 
14 3 386 
14 11 732 
13 7 482 
13 11 904 
13 3 621 
13 14 537 
13 10 312 
13 4 568 
13 9 642 
13 14 358 
13 1 747 
13 6 832 
13 10 316 
13 6 416 
12 14 668 
12 18 564 
12 3 340 
12 3 496 
11 18 248 
11 3 540 
11 9 618 
12 8 476 
12 14 540 
10 17 892 
10 2 486 
10 17 729 
6 15 309 
6 10 446 
6 17 380 
14 2 318 
15 11 666 
15 17 684 
15 10 836 
15 2 495 
15 17 628 
9 8 408 
9 10 736 
9 3 852 
15 10 648 
11 10 442 
11 3 564 
11 18 752 
11 18 357 
8 10 600 
11 8 476 
8 3 424 
8 18 466 
7 11 594 
7 17 764 
7 18 936 
7 3 688 
7 6 350 
7 2 363 
7 10 412 
7 15 280 
7 2 484 
6 8 660 
6 10 630 
6 10 630 
6 2 448 
6 14 274 
5 12 423 
5 11 616 
5 7 750 
5 19 756 
5 13 564 
5 1 856 
5 16 567 
5 17 471 
5 11 428 
5 10 288 
5 18 408 
5 3 262 
4 10 820 
4 2 924 
4 14 482 
4 17 422 
4 8 656 
3 9 588 
11 8 236 
18 9 639 
18 10 486 
18 17 480 
18 9 564 
18 3 972 
3 18 472 
3 11 324 
3 18 234 
3 8 852 
2 17 627 
2 9 442 
2 17 735 
1 10 216 
1 14 540 
1 9 398 
1 11 651 
1 10 432 
1 16 792 
1 16 428 
1 6 345 
1 12 486 
1 16 594 
0 10 402 
0 2 364 
0 10 702 
