20 195 5

0 214 182 218 224 222 183 124 105 152 142 127 249 193 152 245 115 163 187 172 
182 0 214 214 100 137 232 123 121 249 173 223 142 185 242 181 156 228 132 231 
115 132 0 233 230 211 172 190 247 106 236 205 195 177 133 112 231 126 118 211 
232 236 135 0 118 107 180 229 103 125 219 108 121 138 186 199 153 135 143 248 
117 170 238 152 0 161 102 106 166 227 120 120 161 236 152 110 149 209 194 100 
108 166 179 112 123 0 206 128 164 224 239 230 185 106 153 124 125 106 193 213 
162 243 184 248 148 105 0 178 222 159 235 188 182 173 172 177 137 119 175 140 
162 217 168 108 133 182 110 0 171 160 150 223 152 122 100 193 128 219 151 131 
232 199 184 139 216 141 240 212 0 176 142 235 243 130 223 211 126 237 131 214 
140 247 107 135 126 203 135 242 217 0 120 227 141 176 128 184 228 221 159 184 
168 166 179 234 172 168 215 158 199 161 0 171 217 191 200 236 231 109 137 133 
177 126 152 107 147 157 133 188 179 226 107 0 185 196 181 211 229 153 221 210 
226 143 236 154 113 226 123 218 203 193 117 242 0 234 162 160 196 234 124 116 
163 178 242 103 245 146 122 168 137 218 149 217 211 0 109 126 159 214 151 146 
167 243 141 167 250 215 176 131 190 196 107 148 140 117 0 220 153 179 150 197 
221 190 216 229 107 101 161 215 166 107 134 240 128 124 208 0 136 233 236 239 
137 186 110 113 206 131 171 137 178 195 177 171 158 157 200 222 0 239 105 242 
127 198 193 180 200 104 196 242 151 141 244 222 133 116 184 201 234 0 148 190 
131 238 236 240 175 222 237 226 188 234 118 111 193 178 110 219 248 116 0 204 
176 216 238 107 233 143 120 121 125 195 112 170 170 151 125 198 163 180 126 0 

19 12 340 
19 7 714 
19 6 484 
19 12 680 
19 10 224 
19 7 450 
19 8 375 
19 10 448 
19 6 480 
19 14 500 
18 16 492 
12 8 330 
12 10 534 
18 16 738 
12 10 474 
12 8 711 
18 8 564 
17 12 416 
17 19 423 
17 12 232 
17 19 464 
17 12 508 
17 19 266 
17 12 381 
17 19 928 
17 12 464 
17 8 604 
17 8 453 
17 19 399 
17 16 916 
17 12 888 
17 19 532 
17 12 208 
17 19 282 
17 12 792 
9 14 226 
9 3 684 
15 8 484 
15 17 744 
1 16 513 
7 16 824 
7 19 558 
16 14 888 
16 18 210 
16 14 444 
15 12 384 
15 10 536 
15 11 454 
15 1 570 
15 3 852 
15 6 418 
15 17 428 
10 14 501 
10 18 591 
14 18 600 
14 10 282 
14 17 423 
14 10 750 
14 17 860 
14 10 645 
14 17 560 
14 10 280 
14 17 592 
14 10 880 
14 17 214 
14 10 420 
14 17 704 
14 10 351 
13 7 336 
13 10 356 
13 18 714 
13 6 366 
13 5 584 
13 16 636 
13 16 633 
13 18 604 
13 10 596 
12 10 351 
12 7 232 
12 19 468 
12 17 452 
12 7 226 
11 17 306 
11 17 459 
11 17 441 
11 6 266 
11 14 362 
11 18 884 
11 6 399 
11 10 422 
11 13 378 
11 6 532 
11 10 214 
11 7 564 
11 19 420 
11 12 555 
11 13 588 
11 13 392 
11 12 456 
10 16 924 
10 12 688 
10 14 600 
10 17 322 
10 12 434 
10 17 632 
10 12 336 
9 13 528 
9 3 405 
9 10 480 
9 13 352 
9 15 368 
9 18 636 
2 3 398 
9 17 597 
8 16 736 
8 18 892 
8 16 252 
7 19 524 
7 18 579 
7 10 450 
7 19 262 
7 14 648 
7 18 440 
7 8 342 
6 16 548 
6 19 368 
6 12 546 
6 10 592 
6 19 420 
6 10 940 
6 10 729 
6 19 280 
6 14 315 
6 17 486 
6 8 354 
6 18 525 
6 18 346 
6 7 636 
6 14 688 
6 17 238 
5 7 716 
5 10 717 
5 14 612 
5 10 956 
5 18 772 
5 14 318 
5 16 660 
5 7 448 
5 18 324 
5 18 386 
4 6 204 
4 18 776 
4 17 434 
4 5 322 
4 3 714 
4 13 912 
4 18 582 
4 14 608 
4 14 651 
4 3 456 
4 5 483 
3 8 324 
3 10 645 
3 5 432 
3 16 612 
3 19 436 
3 8 206 
3 17 405 
3 14 372 
3 7 448 
3 10 702 
3 6 860 
3 5 321 
3 5 428 
2 16 460 
2 13 708 
2 19 844 
2 10 678 
2 3 699 
2 17 378 
2 13 354 
2 5 844 
1 5 428 
1 12 426 
1 8 484 
1 12 568 
1 14 446 
1 8 242 
1 14 669 
1 7 246 
0 16 444 
0 8 364 
0 16 672 
0 8 372 
0 16 654 
