20 138 3

0 223 123 108 219 109 115 173 235 187 145 133 245 117 181 235 209 139 148 177 
176 0 238 212 165 112 247 137 101 158 178 244 168 239 178 174 124 182 155 225 
129 140 0 231 130 238 177 213 122 169 209 235 191 191 194 250 195 119 174 151 
214 128 227 0 101 103 231 239 139 217 229 152 170 144 171 155 146 186 157 166 
153 136 112 230 0 242 210 201 114 110 182 153 171 159 184 127 173 141 180 169 
206 157 195 176 145 0 165 120 139 147 246 248 189 120 154 217 161 135 151 210 
216 248 235 217 121 156 0 162 168 128 103 173 160 101 225 210 249 244 248 177 
203 190 161 127 204 138 209 0 162 104 213 139 168 143 212 136 245 119 127 179 
154 108 181 164 151 120 141 115 0 182 130 242 174 161 248 194 102 148 119 235 
249 168 207 194 158 202 111 244 164 0 147 189 146 161 177 143 101 124 227 201 
229 197 249 159 230 224 152 165 107 110 0 159 139 142 177 223 183 151 184 173 
234 178 125 182 243 211 197 127 206 223 126 0 122 184 100 171 189 241 226 223 
213 216 242 224 176 123 231 207 194 103 104 210 0 204 128 135 233 233 243 151 
148 190 130 189 117 133 237 165 249 133 183 167 164 0 131 215 167 135 223 215 
104 165 228 111 221 209 159 102 209 225 167 116 135 157 0 210 201 139 235 155 
239 201 119 174 239 192 156 116 205 174 180 113 116 199 243 0 194 114 121 240 
163 209 223 116 248 249 195 174 154 123 136 123 248 138 211 209 0 103 220 121 
127 150 164 159 126 174 149 136 203 166 206 166 246 185 157 230 246 0 199 238 
213 162 160 117 196 111 190 153 127 193 245 180 218 124 114 197 152 118 0 206 
197 175 189 246 168 100 243 124 154 107 192 139 241 103 142 191 169 107 141 0 

19 14 568 
19 1 700 
19 12 723 
19 10 576 
19 4 336 
19 8 616 
19 12 482 
18 14 394 
18 3 852 
18 14 436 
18 3 579 
18 5 222 
18 14 468 
18 3 228 
17 16 984 
17 6 447 
17 18 597 
17 1 300 
17 6 596 
17 9 664 
16 8 616 
16 1 652 
16 6 780 
16 12 735 
16 12 490 
16 18 660 
16 9 492 
16 7 348 
16 8 462 
15 14 639 
15 5 576 
15 1 804 
15 18 484 
15 7 597 
15 1 228 
14 18 916 
14 1 660 
14 3 804 
14 4 444 
14 3 618 
14 7 204 
14 4 848 
14 6 318 
14 3 208 
13 12 592 
13 4 468 
13 3 756 
13 19 645 
13 8 924 
13 6 474 
13 5 399 
13 16 501 
12 14 816 
12 1 432 
12 15 816 
12 4 726 
12 4 639 
12 8 582 
12 15 408 
11 3 364 
11 10 504 
11 8 412 
11 18 452 
11 10 252 
11 7 254 
19 16 660 
19 16 318 
12 4 460 
12 5 302 
10 8 446 
10 1 692 
10 8 531 
9 10 588 
9 7 496 
9 5 808 
9 11 756 
9 6 222 
9 12 584 
9 1 504 
9 7 996 
9 11 567 
11 6 656 
11 14 546 
11 15 522 
15 5 360 
15 4 932 
15 5 724 
8 5 216 
8 1 238 
8 5 357 
3 8 254 
3 18 312 
3 7 820 
18 7 537 
7 5 414 
7 10 852 
18 5 358 
7 14 508 
17 12 512 
17 19 651 
17 15 944 
13 15 992 
6 8 346 
6 10 640 
6 8 504 
4 3 434 
4 6 480 
4 14 780 
4 14 390 
4 1 744 
4 1 651 
5 7 378 
5 18 322 
5 7 580 
4 7 804 
4 14 552 
4 18 612 
3 1 639 
3 5 309 
3 10 633 
3 7 372 
3 18 628 
3 5 340 
2 14 582 
2 18 696 
2 19 604 
2 10 418 
2 14 776 
2 4 390 
2 18 258 
2 11 940 
2 12 573 
1 10 712 
1 5 356 
1 7 548 
0 6 532 
0 10 446 
0 6 216 
