20 191 5

0 188 215 192 239 191 165 183 194 186 177 133 218 149 209 100 164 243 166 119 
192 0 212 153 160 208 178 235 113 138 146 137 108 188 140 182 188 203 201 188 
128 137 0 188 167 204 127 235 191 118 118 125 134 223 114 185 112 183 104 160 
128 171 195 0 130 235 105 159 226 198 182 185 180 174 133 245 119 146 182 159 
159 244 216 162 0 145 211 171 228 232 239 202 152 180 232 162 202 100 226 144 
127 121 146 234 202 0 217 195 221 188 146 195 173 188 188 121 101 182 226 196 
219 244 101 151 235 114 0 219 187 195 200 193 197 145 120 111 148 120 121 177 
230 209 156 231 199 154 136 0 131 114 157 186 102 240 243 102 141 164 206 141 
105 149 188 161 246 224 199 230 0 110 196 199 128 185 190 175 109 120 130 167 
122 118 105 197 230 159 200 209 206 0 171 168 188 147 113 144 163 107 119 208 
170 179 156 162 210 178 187 235 118 231 0 163 103 192 142 124 209 188 234 188 
244 207 156 242 184 113 135 131 188 167 118 0 117 209 119 233 178 130 240 109 
106 146 205 140 204 188 238 126 213 154 182 234 0 207 204 168 119 179 136 168 
170 245 162 155 109 134 209 117 115 225 132 216 152 0 228 243 133 179 204 246 
242 205 181 154 189 190 122 246 244 146 194 224 145 159 0 135 140 122 210 145 
164 166 219 107 185 168 193 207 190 157 116 239 138 225 208 0 210 108 179 166 
178 234 147 228 139 137 245 121 180 243 149 249 217 226 248 160 0 195 172 233 
136 135 242 138 246 248 155 236 206 124 178 221 243 136 234 135 156 0 178 164 
219 233 182 212 233 175 144 160 241 242 229 106 176 201 167 230 143 189 0 142 
115 109 140 189 187 154 109 182 171 248 147 187 235 188 237 249 217 150 189 0 

5 3 868 
11 19 756 
11 19 868 
11 9 860 
19 1 230 
19 8 342 
19 1 645 
18 13 603 
18 2 364 
18 17 756 
18 2 448 
18 3 920 
18 17 640 
18 3 657 
18 14 501 
18 14 528 
18 1 466 
18 14 320 
18 8 429 
18 13 804 
18 2 546 
18 3 424 
17 3 744 
17 6 408 
17 3 496 
17 6 312 
17 3 620 
17 6 552 
17 3 458 
16 17 780 
16 17 534 
16 9 940 
16 11 868 
16 19 699 
16 4 356 
16 9 705 
16 13 904 
16 18 344 
16 6 980 
16 8 596 
16 5 274 
16 11 498 
16 4 278 
16 9 470 
15 8 570 
15 11 478 
15 7 414 
15 14 416 
15 13 900 
15 1 664 
15 11 717 
15 8 760 
15 11 276 
14 19 580 
14 4 738 
14 8 488 
14 9 438 
14 13 567 
14 4 280 
13 4 864 
13 8 230 
13 17 680 
13 4 608 
13 17 648 
13 4 358 
12 3 420 
12 18 544 
12 13 828 
12 4 612 
12 3 560 
12 1 584 
12 3 280 
12 17 358 
12 10 546 
11 1 452 
11 1 414 
11 8 564 
11 4 472 
11 2 468 
11 8 236 
10 3 486 
10 9 456 
10 18 340 
10 8 309 
10 14 284 
10 4 840 
10 1 537 
10 6 748 
10 13 576 
10 18 468 
10 8 354 
10 18 702 
9 13 477 
9 19 624 
9 14 418 
9 13 420 
9 14 600 
9 1 472 
9 13 564 
9 14 326 
9 13 672 
9 8 618 
9 14 504 
8 14 740 
8 9 480 
8 14 398 
8 9 796 
8 14 460 
8 9 690 
7 5 616 
7 8 306 
7 17 328 
7 9 832 
7 5 308 
7 9 416 
7 11 408 
7 11 372 
7 4 597 
7 14 681 
7 13 480 
7 16 423 
7 9 456 
6 8 561 
6 9 780 
6 13 435 
6 1 444 
6 9 342 
6 13 580 
6 14 386 
6 1 940 
6 3 400 
6 19 222 
6 1 484 
5 11 390 
5 4 808 
5 18 678 
5 6 651 
5 14 202 
5 6 868 
5 11 390 
5 17 780 
4 3 633 
4 13 540 
4 17 435 
4 1 705 
4 9 448 
4 3 606 
4 17 648 
4 3 648 
4 17 580 
4 3 717 
3 9 364 
3 19 636 
3 1 476 
3 14 740 
3 8 432 
3 8 452 
3 13 348 
3 17 360 
3 4 477 
3 13 357 
3 1 513 
2 4 501 
2 3 312 
2 8 382 
2 6 508 
2 9 384 
2 6 816 
2 4 334 
2 17 366 
2 9 472 
2 3 224 
2 17 408 
2 19 402 
2 14 342 
17 1 376 
17 19 564 
13 9 324 
13 14 752 
1 19 564 
13 8 414 
14 19 274 
14 19 636 
14 8 306 
1 9 376 
1 8 402 
0 1 654 
0 19 752 
0 1 744 
0 19 732 
0 1 860 
