20 186 4

0 167 170 204 119 232 144 196 173 138 125 235 121 127 248 213 140 121 167 200 
194 0 186 103 153 106 158 100 204 240 124 199 205 246 191 246 118 231 214 219 
248 177 0 205 203 151 170 119 141 214 237 122 133 130 166 105 209 157 235 179 
231 120 101 0 164 118 180 148 131 123 136 183 164 241 244 134 182 133 102 243 
223 159 100 104 0 234 225 139 174 242 249 119 231 236 213 218 250 122 121 130 
142 209 218 211 105 0 177 105 122 248 179 192 169 100 247 138 144 115 184 120 
216 232 219 155 133 124 0 213 248 153 197 168 107 242 187 106 222 206 200 152 
249 144 244 103 141 158 119 0 233 246 229 182 156 238 158 236 223 209 199 105 
213 173 216 236 217 144 109 225 0 218 149 227 225 182 157 194 234 216 222 200 
197 103 185 215 145 104 133 162 126 0 234 248 121 241 243 120 227 146 195 167 
223 141 228 196 205 118 178 214 131 177 0 194 115 109 250 202 163 215 178 162 
249 147 184 203 196 124 189 228 110 239 132 0 175 181 235 200 137 165 197 199 
217 233 230 206 129 234 186 209 119 244 145 235 0 176 199 123 188 101 123 156 
143 119 184 218 128 182 197 237 202 160 121 197 103 0 241 169 187 125 135 117 
224 232 207 192 229 207 116 148 140 221 245 117 168 159 0 175 145 190 227 238 
177 172 175 129 107 221 200 219 123 155 227 151 203 176 189 0 202 108 133 140 
103 244 161 215 144 235 153 209 140 171 200 233 106 157 126 192 0 232 158 232 
117 207 202 109 201 176 105 167 228 244 248 186 155 171 193 136 179 0 234 169 
157 118 101 215 196 177 155 151 148 142 105 196 189 187 113 220 112 231 0 194 
208 184 199 207 180 192 167 140 115 178 114 202 208 217 111 108 145 146 169 0 

19 14 228 
19 11 398 
19 14 720 
19 11 540 
18 19 776 
18 6 354 
18 17 924 
18 17 693 
18 8 296 
18 9 628 
18 15 618 
18 11 784 
18 4 588 
18 15 224 
18 7 471 
18 2 202 
18 11 392 
18 11 588 
18 7 302 
18 17 210 
17 7 808 
17 8 456 
17 19 351 
17 14 468 
17 9 828 
17 11 372 
17 14 579 
17 19 676 
17 19 342 
17 7 668 
17 8 436 
16 6 306 
16 11 932 
16 19 696 
16 3 430 
16 12 206 
16 10 400 
15 11 302 
15 12 352 
15 14 688 
15 17 324 
15 8 246 
15 6 354 
14 11 896 
14 8 928 
14 11 458 
14 7 444 
13 15 338 
13 11 788 
13 9 320 
13 19 468 
13 18 540 
13 19 357 
13 5 728 
13 17 250 
13 12 206 
13 19 351 
12 11 435 
12 11 705 
12 7 824 
12 14 932 
12 6 387 
12 11 528 
12 9 246 
12 11 618 
12 5 448 
12 5 702 
12 6 896 
12 8 476 
12 7 258 
12 14 398 
12 11 492 
12 7 412 
11 6 609 
11 8 552 
11 6 736 
11 8 495 
11 6 800 
11 8 330 
11 6 362 
11 5 496 
11 8 330 
11 6 392 
10 19 652 
10 15 404 
10 3 892 
10 15 446 
10 6 356 
10 8 218 
10 11 388 
10 18 712 
10 18 356 
10 12 345 
10 19 648 
10 8 524 
10 11 776 
10 4 410 
16 11 412 
16 15 312 
16 18 504 
15 19 360 
15 6 324 
15 2 242 
2 5 435 
2 7 454 
2 5 532 
2 5 992 
3 19 334 
3 6 780 
9 7 884 
9 5 480 
9 7 252 
8 6 852 
8 19 600 
8 12 648 
8 6 519 
8 11 681 
8 12 388 
8 6 327 
8 12 434 
8 6 648 
14 7 423 
14 9 474 
19 9 576 
19 5 412 
19 7 836 
7 14 747 
7 19 564 
7 14 657 
6 17 318 
6 14 561 
6 5 372 
6 12 618 
6 17 648 
6 12 888 
6 19 608 
6 5 248 
6 17 444 
6 12 394 
6 17 465 
6 14 374 
3 7 288 
3 6 507 
3 7 416 
14 7 420 
14 19 768 
14 9 354 
5 7 418 
5 19 615 
5 7 284 
4 12 924 
4 7 678 
4 15 477 
4 9 699 
4 2 363 
4 11 476 
4 9 452 
4 5 318 
4 11 357 
4 5 446 
4 6 669 
4 15 932 
4 7 417 
4 17 488 
3 19 952 
3 17 532 
3 8 524 
3 12 492 
2 9 836 
2 12 532 
2 12 266 
2 19 705 
2 11 244 
1 2 744 
1 6 236 
1 10 248 
1 5 776 
1 4 459 
1 9 678 
1 2 372 
1 13 824 
1 6 474 
0 5 484 
0 9 600 
0 5 852 
0 9 560 
