20 144 4

0 143 155 219 192 245 170 243 107 215 128 175 205 150 250 221 143 147 224 133 
217 0 131 181 166 210 224 228 141 115 250 151 190 198 162 141 180 102 214 111 
130 162 0 165 221 232 203 245 212 108 180 156 237 153 160 186 167 230 172 193 
209 151 166 0 134 157 249 105 150 163 244 182 149 145 113 198 221 173 176 179 
168 172 191 159 0 138 135 206 168 100 142 153 164 151 177 235 112 143 168 221 
169 144 172 178 166 0 195 112 226 107 146 153 206 224 135 103 161 179 118 194 
237 163 165 226 124 129 0 130 219 145 130 120 224 162 129 186 202 136 249 155 
224 107 227 248 203 120 160 0 216 157 140 210 134 181 127 143 163 229 182 240 
224 100 232 104 227 104 247 117 0 172 149 127 124 139 202 145 233 225 217 123 
182 217 140 189 231 127 124 175 164 0 132 152 139 207 226 225 196 114 177 205 
139 186 247 158 204 235 166 187 199 184 0 134 226 150 184 160 215 210 130 145 
131 218 189 214 178 232 243 188 128 183 143 0 187 193 101 190 155 167 220 215 
133 224 168 175 187 177 210 214 247 129 127 208 0 236 181 209 198 234 222 200 
183 141 184 170 231 232 143 146 175 144 195 133 237 0 234 153 161 180 134 110 
242 185 204 186 105 181 200 224 218 238 116 189 235 133 0 237 133 186 150 208 
152 160 209 177 116 138 130 186 149 108 147 232 224 180 139 0 102 210 221 186 
176 144 117 173 172 212 206 104 162 129 177 126 151 102 174 236 0 210 243 229 
198 175 145 247 242 127 208 175 236 154 128 219 207 176 228 103 230 0 208 133 
148 191 203 229 127 202 126 200 194 132 187 185 129 238 244 111 236 106 0 149 
157 152 207 224 184 180 110 247 184 142 119 146 136 216 196 170 179 194 241 0 

19 1 964 
19 3 784 
19 13 552 
19 1 828 
19 8 552 
19 7 330 
19 15 680 
19 13 272 
19 8 408 
18 15 333 
18 3 687 
18 7 800 
18 7 400 
18 3 458 
6 19 308 
13 16 438 
13 16 657 
17 7 525 
16 17 410 
16 15 624 
17 1 700 
15 3 820 
15 8 621 
15 17 381 
17 16 615 
16 13 604 
16 19 848 
16 7 416 
16 13 636 
16 19 252 
16 13 258 
16 1 288 
15 16 408 
15 13 912 
15 16 442 
15 13 294 
14 18 450 
14 10 464 
14 1 555 
14 10 232 
13 17 540 
13 6 702 
13 15 306 
13 17 360 
13 19 288 
13 16 322 
13 6 468 
12 6 630 
12 16 792 
12 7 428 
12 8 960 
12 15 836 
12 18 724 
12 5 362 
12 19 672 
11 12 524 
11 12 374 
11 18 440 
11 18 660 
11 8 256 
11 13 386 
11 6 972 
11 17 668 
11 16 378 
10 7 748 
10 18 520 
10 15 320 
10 8 494 
10 8 816 
10 13 450 
10 13 368 
10 19 435 
10 18 260 
9 4 924 
9 19 615 
9 7 350 
9 18 728 
9 5 381 
9 1 434 
9 6 372 
9 8 560 
9 13 621 
9 18 708 
4 12 404 
14 5 924 
14 11 254 
14 5 699 
14 11 434 
14 5 208 
12 13 580 
18 6 351 
8 3 200 
8 7 606 
8 3 651 
7 8 864 
5 13 240 
5 6 543 
5 1 840 
7 8 432 
5 1 448 
6 17 560 
6 15 836 
7 1 381 
6 17 544 
6 19 620 
6 16 496 
6 15 258 
6 16 808 
5 8 332 
5 16 516 
5 7 448 
5 16 338 
4 14 531 
4 5 276 
4 10 426 
4 17 429 
4 16 336 
4 18 672 
4 7 412 
4 15 470 
18 8 692 
18 8 447 
18 1 489 
5 3 298 
3 1 471 
3 7 596 
3 1 435 
2 12 711 
2 10 360 
2 1 324 
2 16 334 
2 18 344 
2 19 579 
2 4 884 
2 6 812 
2 15 372 
1 8 423 
6 15 648 
1 15 393 
1 17 360 
0 8 384 
0 3 422 
0 8 844 
0 3 266 
