20 202 4

0 156 125 226 169 137 182 218 128 101 241 237 106 175 175 238 111 243 176 103 
156 0 117 149 122 202 107 214 226 103 111 219 166 177 226 192 239 106 172 154 
125 117 0 107 190 216 153 154 194 126 179 134 164 106 228 221 111 240 218 155 
226 149 107 0 111 247 235 167 143 185 179 116 249 143 130 174 147 215 195 231 
169 122 190 111 0 162 194 239 211 147 147 165 200 178 102 148 174 144 132 151 
137 202 216 247 162 0 193 164 182 182 136 149 166 232 137 188 116 119 142 132 
182 107 153 235 194 193 0 148 208 174 211 101 140 180 124 236 211 138 170 157 
218 214 154 167 239 164 148 0 146 144 104 115 154 242 148 225 223 113 129 105 
128 226 194 143 211 182 208 146 0 119 142 102 104 126 108 188 235 121 204 186 
101 103 126 185 147 182 174 144 119 0 161 248 147 111 130 202 204 178 121 137 
241 111 179 179 147 136 211 104 142 161 0 119 163 224 176 132 165 237 221 241 
237 219 134 116 165 149 101 115 102 248 119 0 176 136 187 210 160 201 189 219 
106 166 164 249 200 166 140 154 104 147 163 176 0 187 140 114 156 196 187 143 
175 177 106 143 178 232 180 242 126 111 224 136 187 0 165 182 193 103 208 127 
175 226 228 130 102 137 124 148 108 130 176 187 140 165 0 108 167 101 197 218 
238 192 221 174 148 188 236 225 188 202 132 210 114 182 108 0 191 208 188 156 
111 239 111 147 174 116 211 223 235 204 165 160 156 193 167 191 0 208 216 214 
243 106 240 215 144 119 138 113 121 178 237 201 196 103 101 208 208 0 159 131 
176 172 218 195 132 142 170 129 204 121 221 189 187 208 197 188 216 159 0 170 
103 154 155 231 151 132 157 105 186 137 241 219 143 127 218 156 214 131 170 0 

19 2 465 
19 17 524 
19 1 308 
19 18 510 
19 4 302 
19 18 340 
19 7 210 
19 12 572 
19 2 310 
8 12 591 
18 9 242 
18 3 528 
18 4 864 
17 4 288 
17 13 309 
17 14 832 
17 15 392 
17 14 434 
17 3 645 
17 15 936 
17 14 303 
17 15 552 
17 14 318 
17 15 832 
17 14 468 
17 15 651 
17 14 804 
16 17 832 
16 10 330 
16 8 705 
16 19 642 
16 13 772 
16 2 333 
16 12 468 
16 17 416 
16 1 684 
16 4 522 
16 17 624 
16 9 816 
15 14 420 
15 13 364 
15 14 384 
15 18 928 
15 14 840 
15 14 468 
15 18 376 
15 14 216 
15 3 696 
15 3 312 
15 13 900 
15 4 444 
15 9 624 
15 17 630 
15 18 450 
15 4 376 
14 18 591 
14 13 495 
14 2 456 
14 12 350 
14 4 306 
14 15 828 
14 12 700 
14 15 420 
14 12 274 
14 15 432 
14 12 704 
14 9 260 
14 15 496 
14 18 788 
13 17 561 
13 9 222 
13 3 286 
13 4 356 
13 14 540 
13 17 378 
13 14 672 
13 9 444 
13 17 700 
13 14 350 
12 15 456 
12 9 294 
12 3 494 
12 14 332 
12 14 420 
12 17 308 
12 4 332 
12 17 588 
12 4 212 
12 14 560 
11 18 416 
11 18 378 
11 14 640 
11 2 268 
11 15 202 
11 8 476 
11 13 408 
10 13 448 
10 15 264 
10 3 537 
10 4 660 
10 3 358 
10 1 222 
10 1 333 
10 2 716 
10 9 644 
10 12 489 
10 8 568 
10 3 330 
10 12 652 
10 4 441 
11 2 348 
11 17 555 
8 18 612 
8 13 606 
8 12 484 
9 18 356 
9 4 303 
9 18 357 
8 18 816 
8 3 429 
8 15 444 
8 4 546 
8 13 728 
7 10 208 
7 8 438 
7 18 387 
7 17 339 
7 15 416 
7 6 592 
7 13 864 
7 2 462 
7 14 444 
7 4 478 
7 15 450 
7 3 334 
6 4 772 
6 11 404 
6 14 248 
6 11 303 
6 9 348 
6 13 360 
6 12 420 
6 4 633 
6 14 496 
6 4 776 
6 11 422 
6 3 651 
6 9 386 
6 17 276 
6 18 340 
5 18 284 
5 3 988 
5 1 606 
5 2 432 
5 10 272 
5 14 411 
5 1 404 
5 7 328 
5 14 274 
5 4 648 
5 8 546 
3 18 380 
3 4 676 
3 9 534 
4 9 441 
4 18 396 
4 18 264 
4 2 712 
4 3 388 
4 2 420 
4 3 582 
4 2 306 
3 9 740 
3 2 429 
3 13 988 
3 2 572 
3 4 333 
3 13 428 
2 13 536 
2 17 418 
2 18 872 
2 13 306 
2 17 459 
2 13 500 
2 17 620 
2 13 358 
2 17 582 
1 14 414 
1 8 606 
1 9 412 
1 14 621 
1 18 688 
1 11 333 
1 12 332 
1 4 404 
1 8 444 
1 15 912 
1 17 212 
0 9 222 
0 18 528 
0 9 350 
0 18 920 
